,Gender,Age,Diseases,Zone,Profession,Priority
0,1,71,5,2,11,1
1,0,51,2,2,7,1
2,1,25,4,2,10,1
3,1,62,2,0,2,2
4,0,23,4,1,1,2
5,1,60,7,2,2,1
6,0,87,11,1,5,1
7,0,44,1,2,1,1
8,1,26,2,0,0,3
9,1,11,4,1,14,3
10,0,20,0,2,12,1
11,1,57,2,2,0,1
12,0,50,1,1,12,2
13,1,32,10,0,9,3
14,0,40,1,1,10,3
15,1,64,7,1,1,2
16,1,44,0,2,8,1
17,0,10,1,1,8,2
18,1,25,11,2,5,1
19,0,63,0,1,1,3
20,1,26,9,0,14,3
21,1,45,10,0,9,3
22,1,37,9,1,12,3
23,0,45,9,1,3,3
24,1,87,9,2,0,1
25,0,24,9,0,12,3
26,0,32,7,0,1,3
27,0,62,5,0,11,2
28,0,22,0,2,2,1
29,0,5,4,1,13,1
30,0,46,9,0,1,3
31,1,84,10,2,6,1
32,0,89,5,1,2,2
33,0,16,4,2,13,1
34,1,69,10,2,0,1
35,1,60,8,2,5,1
36,1,12,9,1,13,2
37,0,17,10,1,13,3
38,0,61,7,2,14,1
39,1,65,3,1,0,2
40,1,82,7,1,2,1
41,1,55,0,2,3,1
42,0,13,0,0,13,3
43,0,55,7,2,3,1
44,1,86,4,0,5,1
45,0,34,6,0,1,3
46,0,12,8,0,4,2
47,0,38,3,2,5,1
48,0,1,9,2,10,1
49,0,34,9,0,0,3
50,0,54,11,0,12,3
51,1,63,0,2,3,1
52,1,8,0,2,13,1
53,1,8,9,1,13,3
54,1,47,10,0,9,3
55,0,47,1,2,7,1
56,1,42,6,2,12,1
57,0,3,9,1,13,2
58,0,28,11,0,11,2
59,0,4,11,2,13,1
60,1,90,3,1,3,1
61,0,19,3,1,12,2
62,0,31,6,2,0,1
63,1,45,3,1,5,2
64,1,23,10,1,13,3
65,0,89,10,0,12,3
66,1,8,10,2,13,1
67,0,21,11,2,14,1
68,0,22,9,0,11,3
69,0,16,9,2,6,1
70,1,39,8,2,6,1
71,0,66,3,0,6,1
72,1,42,3,2,3,1
73,0,27,9,0,7,3
74,0,33,9,1,8,2
75,0,16,9,0,11,3
76,1,19,6,2,9,1
77,1,15,0,2,1,1
78,1,23,11,1,4,2
79,0,90,0,0,6,1
80,1,52,2,0,11,2
81,0,13,2,1,4,2
82,1,72,4,1,2,2
83,0,88,4,2,5,1
84,1,5,10,2,14,1
85,1,15,4,1,9,2
86,0,73,5,1,14,2
87,0,10,0,0,13,3
88,0,86,2,2,3,1
89,1,69,2,0,14,2
90,0,21,5,2,7,1
91,0,12,7,1,13,2
92,1,63,8,1,3,2
93,0,28,4,2,14,1
94,0,28,4,0,13,3
95,0,88,11,1,6,1
96,0,89,10,2,6,1
97,1,56,6,2,5,1
98,1,82,5,2,8,1
99,0,85,6,0,4,3
100,1,35,7,1,0,2
101,0,20,2,1,9,2
102,1,37,6,2,6,1
103,1,13,5,0,3,2
104,1,21,3,0,6,1
105,1,4,11,0,13,2
106,0,62,6,2,0,1
107,0,47,0,2,6,1
108,0,10,2,1,11,1
109,1,14,9,0,1,3
110,0,61,2,0,9,2
111,1,73,9,1,5,2
112,0,29,9,1,13,3
113,0,30,11,0,14,2
114,0,31,9,0,5,3
115,0,70,2,1,9,2
116,1,29,5,0,10,3
117,0,17,9,2,2,1
118,1,25,7,0,14,2
119,0,52,9,0,1,3
120,1,39,3,2,13,1
121,1,72,1,2,6,1
122,1,37,3,2,12,1
123,0,46,1,2,9,1
124,0,68,4,2,6,1
125,0,59,10,1,10,3
126,1,49,9,0,2,3
127,1,61,6,0,12,3
128,0,63,2,2,5,1
129,0,69,3,2,5,1
130,1,62,7,0,0,2
131,0,53,3,2,1,1
132,0,9,8,0,13,2
133,1,24,8,0,2,2
134,1,90,8,2,12,1
135,1,90,11,2,12,1
136,0,76,7,0,9,2
137,0,8,9,1,13,3
138,1,78,10,0,12,3
139,0,31,0,2,0,1
140,0,34,1,0,13,2
141,0,85,8,0,8,2
142,0,25,3,1,1,2
143,1,67,4,1,1,2
144,1,67,3,1,9,2
145,0,84,10,1,6,1
146,0,8,10,2,13,1
147,0,46,0,2,6,1
148,0,19,4,2,13,1
149,0,35,7,1,11,2
150,1,65,4,0,9,2
151,0,74,3,2,2,1
152,0,73,9,0,1,3
153,0,34,0,1,9,2
154,0,21,9,1,0,3
155,0,76,2,2,3,1
156,1,85,10,2,2,1
157,0,6,4,1,13,2
158,0,18,9,2,1,1
159,0,31,10,1,4,2
160,1,31,5,2,7,1
161,0,89,1,2,4,1
162,1,47,6,2,0,1
163,1,75,3,1,1,2
164,0,87,3,2,5,1
165,1,66,1,1,10,2
166,1,19,3,2,1,1
167,0,39,3,1,3,2
168,1,63,0,0,6,3
169,1,70,7,1,3,2
170,0,22,2,2,3,1
171,1,1,3,2,1,1
172,1,67,0,1,14,2
173,1,20,11,1,7,2
174,1,82,9,0,1,3
175,1,18,5,2,10,1
176,0,60,6,2,3,1
177,1,24,2,2,8,1
178,0,61,3,1,12,2
179,0,46,4,2,4,1
180,0,76,1,0,4,2
181,0,78,9,2,0,1
182,0,7,10,0,12,3
183,0,2,2,2,14,1
184,0,0,11,2,1,1
185,0,51,5,0,9,2
186,0,5,8,2,14,1
187,0,64,7,1,6,1
188,1,84,8,2,9,1
189,0,21,0,1,1,2
190,1,59,8,1,0,2
191,0,6,3,0,3,2
192,1,74,0,0,1,2
193,1,3,10,0,9,3
194,1,6,7,2,8,1
195,0,13,0,2,8,1
196,1,4,9,2,6,1
197,0,16,9,2,14,1
198,0,41,2,1,9,2
199,1,23,7,2,0,1
200,0,57,0,1,11,2
201,1,76,4,2,7,1
202,0,19,11,1,5,2
203,0,85,9,2,14,1
204,0,16,2,2,12,1
205,1,76,7,0,11,2
206,1,2,3,2,7,1
207,1,21,9,1,10,3
208,1,20,5,0,13,2
209,0,76,10,1,14,2
210,1,36,0,0,1,2
211,1,62,5,2,1,1
212,1,39,1,2,14,1
213,0,74,9,2,4,1
214,1,49,4,0,10,2
215,1,72,9,0,6,1
216,1,78,1,0,0,2
217,1,40,2,0,0,2
218,0,27,9,0,13,3
219,0,90,2,1,12,2
220,0,40,9,0,7,3
221,0,42,10,1,8,2
222,1,74,10,1,11,2
223,0,15,9,1,13,3
224,0,55,0,2,12,1
225,0,75,1,2,3,1
226,1,88,8,1,9,2
227,1,55,4,1,1,2
228,1,47,3,0,5,2
229,1,16,3,2,13,1
230,0,46,8,2,5,1
231,1,4,0,0,13,3
232,0,87,3,1,9,2
233,1,18,9,0,10,3
234,0,18,4,0,1,2
235,1,35,10,1,8,2
236,0,10,8,2,9,1
237,0,54,1,1,1,2
238,1,50,4,2,3,1
239,1,33,7,0,7,2
240,1,56,7,1,11,2
241,1,11,0,2,0,1
242,0,13,9,0,14,3
243,1,54,9,0,5,3
244,1,87,5,1,2,2
245,1,49,8,2,0,1
246,0,75,2,1,4,2
247,0,47,3,2,2,1
248,1,69,4,0,6,1
249,0,17,4,0,1,2
250,0,37,0,1,11,2
251,1,33,8,2,10,1
252,1,49,6,0,1,2
253,1,84,3,2,11,1
254,0,33,3,0,9,2
255,1,53,0,0,5,2
256,0,32,0,2,3,1
257,0,82,10,1,6,1
258,1,47,3,2,10,1
259,1,18,9,0,1,3
260,0,21,7,1,5,2
261,0,74,10,1,13,2
262,0,10,11,1,14,2
263,0,51,0,1,5,2
264,1,15,9,0,13,3
265,0,34,8,2,11,1
266,0,88,4,0,9,2
267,0,15,1,0,10,2
268,0,45,8,0,12,2
269,0,27,4,0,13,2
270,0,32,3,2,10,1
271,0,35,5,1,6,1
272,0,86,10,2,14,2
273,0,69,11,0,1,2
274,0,47,1,1,1,2
275,1,12,9,0,13,3
276,1,37,0,1,5,2
277,1,13,2,1,8,2
278,0,11,9,2,13,1
279,0,65,9,1,0,2
280,0,25,6,2,0,1
281,1,73,0,0,2,3
282,0,54,5,2,8,1
283,0,10,6,1,10,2
284,1,12,9,0,13,3
285,1,53,10,2,8,1
286,0,74,0,1,3,2
287,1,7,1,1,13,1
288,1,4,5,1,13,1
289,1,77,5,2,10,1
290,1,77,8,1,8,2
291,0,53,10,2,14,1
292,1,74,3,1,10,2
293,1,38,4,1,1,2
294,1,16,0,2,11,1
295,1,77,10,1,9,2
296,1,46,11,1,13,2
297,1,43,4,2,3,1
298,0,2,10,2,10,1
299,0,15,6,1,13,2
300,0,28,10,1,10,2
301,0,5,9,0,13,3
302,1,23,7,2,3,1
303,0,66,10,0,1,3
304,0,73,4,2,1,1
305,0,53,11,2,10,1
306,0,81,9,2,6,1
307,1,17,1,0,7,2
308,0,84,3,0,0,2
309,0,55,6,1,12,2
310,1,31,10,0,11,2
311,0,75,1,1,13,2
312,1,33,3,1,3,2
313,0,48,2,2,11,1
314,1,71,10,2,11,1
315,0,67,11,1,1,2
316,0,27,9,1,10,2
317,1,37,0,2,13,1
318,0,42,10,2,10,1
319,1,9,9,2,7,1
320,0,52,9,0,3,3
321,1,44,9,0,1,3
322,1,83,5,2,5,1
323,0,4,9,0,10,3
324,1,40,6,1,8,2
325,1,85,6,2,5,1
326,1,28,5,2,10,1
327,0,55,2,0,6,1
328,0,87,11,2,11,1
329,0,85,1,2,5,1
330,0,4,2,2,8,1
331,0,78,11,1,1,2
332,0,31,9,2,12,1
333,0,81,10,1,9,2
334,0,77,0,2,3,1
335,1,32,5,0,11,2
336,1,39,9,0,6,1
337,1,35,9,0,10,3
338,1,83,8,2,3,1
339,0,10,9,0,5,3
340,1,38,3,2,10,1
341,0,22,6,0,7,3
342,1,6,9,0,1,3
343,1,21,5,2,7,1
344,0,65,1,1,7,2
345,1,83,6,2,1,1
346,0,36,3,2,10,1
347,0,84,2,0,10,2
348,1,12,3,2,4,1
349,0,13,8,2,8,1
350,0,66,5,1,6,2
351,0,89,0,2,5,1
352,1,74,0,2,10,1
353,1,19,5,0,1,2
354,1,64,8,2,8,1
355,0,51,3,0,1,2
356,1,66,7,0,8,2
357,0,46,3,0,0,2
358,1,19,0,2,13,1
359,1,72,1,1,4,2
360,1,29,10,0,14,2
361,1,13,9,0,13,3
362,0,25,8,0,7,2
363,1,30,2,1,11,3
364,0,18,9,0,11,2
365,1,68,9,1,11,3
366,0,39,4,2,11,1
367,0,58,0,0,7,3
368,0,68,9,2,1,1
369,1,29,4,2,7,1
370,1,31,10,0,6,1
371,0,44,11,0,1,2
372,0,41,2,2,9,1
373,0,16,11,0,3,2
374,1,73,0,2,8,1
375,1,20,8,1,7,2
376,0,41,9,1,14,2
377,1,89,5,1,14,1
378,0,13,4,2,13,1
379,1,60,4,2,1,1
380,0,55,4,0,8,2
381,1,64,1,0,3,2
382,1,61,6,1,5,2
383,1,77,7,2,2,1
384,1,69,0,1,5,2
385,1,24,6,2,1,1
386,1,47,4,2,8,1
387,0,14,9,0,13,2
388,1,26,6,2,8,1
389,1,51,5,0,0,2
390,0,69,4,2,1,1
391,1,17,8,2,14,1
392,1,40,9,1,7,3
393,0,60,3,2,1,1
394,0,72,0,1,1,2
395,1,4,9,0,4,3
396,1,51,9,1,1,3
397,1,32,2,1,1,2
398,1,54,9,1,1,3
399,0,64,1,2,4,1
400,0,85,0,1,4,2
401,0,78,6,2,8,1
402,0,15,10,0,13,2
403,0,76,8,1,14,2
404,1,64,7,1,1,2
405,0,12,9,0,2,3
406,0,57,6,0,5,3
407,0,30,1,0,6,2
408,1,64,8,1,1,2
409,1,12,9,2,5,1
410,0,53,2,2,2,1
411,0,78,3,1,14,2
412,0,25,9,1,6,2
413,0,14,1,1,7,2
414,0,18,1,0,9,2
415,0,17,2,0,5,2
416,0,2,4,1,3,2
417,1,53,9,0,7,3
418,0,35,6,1,10,2
419,0,12,6,2,1,1
420,1,41,6,2,8,1
421,1,29,8,0,10,2
422,0,28,2,2,7,1
423,1,13,4,0,11,2
424,1,9,7,1,13,2
425,0,80,8,1,10,1
426,1,8,6,2,13,1
427,0,32,4,0,3,2
428,0,28,10,0,4,2
429,0,9,11,0,9,2
430,0,21,2,0,0,2
431,1,71,6,1,1,2
432,1,10,7,2,3,1
433,0,43,8,0,14,2
434,1,71,2,1,8,2
435,0,80,9,0,8,2
436,0,9,10,0,11,2
437,0,8,9,1,10,3
438,0,42,7,2,13,2
439,1,49,0,0,9,2
440,1,7,9,1,4,2
441,0,52,3,1,10,2
442,1,72,3,0,7,2
443,0,5,9,0,5,3
444,1,60,5,2,3,1
445,0,63,7,1,1,2
446,1,77,10,1,10,2
447,0,18,6,0,14,2
448,0,11,9,0,11,3
449,1,31,11,1,9,2
450,1,88,0,0,14,2
451,1,67,0,0,12,2
452,0,82,11,0,14,2
453,1,29,7,2,1,1
454,1,85,1,1,4,2
455,1,34,9,0,14,3
456,1,90,3,1,8,2
457,0,17,7,0,14,2
458,0,49,2,2,6,1
459,0,12,7,2,8,1
460,1,22,2,1,0,2
461,0,63,3,1,8,2
462,1,7,0,2,5,1
463,0,74,2,1,0,2
464,0,9,10,0,10,3
465,1,78,8,2,13,1
466,0,61,11,1,9,2
467,1,44,5,1,1,2
468,1,70,11,1,14,2
469,1,31,2,1,4,2
470,1,28,0,0,1,2
471,0,11,7,0,4,2
472,0,40,7,0,1,2
473,1,6,1,0,5,2
474,1,61,7,2,0,1
475,1,52,5,2,5,1
476,0,45,4,0,7,2
477,0,24,8,0,10,2
478,0,70,8,1,6,1
479,1,44,4,2,9,1
480,0,22,8,0,3,2
481,0,5,9,0,13,3
482,1,42,3,0,12,2
483,1,13,10,0,13,3
484,0,33,5,1,1,2
485,1,56,7,0,14,2
486,1,18,6,1,13,2
487,0,73,9,1,0,3
488,1,57,8,1,2,2
489,0,41,1,0,10,2
490,1,33,1,0,13,2
491,0,18,9,1,1,3
492,1,55,5,0,4,2
493,1,31,8,2,8,1
494,0,46,3,2,0,1
495,0,4,1,2,11,1
496,0,75,5,1,11,2
497,0,19,5,2,2,1
498,1,52,0,0,0,2
499,1,54,4,2,1,1
500,0,69,4,0,9,2
501,1,18,9,0,5,3
502,0,15,2,1,13,2
503,1,55,7,2,6,1
504,0,52,11,0,1,2
505,0,72,7,2,1,1
506,0,24,1,1,5,1
507,0,88,10,2,5,1
508,0,59,5,2,2,1
509,1,51,9,2,7,2
510,0,79,4,1,3,2
511,0,29,3,1,10,3
512,1,86,3,0,9,3
513,1,28,5,2,7,2
514,1,58,4,2,11,2
515,1,22,8,1,13,2
516,0,69,5,0,9,3
517,0,70,10,2,4,1
518,0,18,8,1,13,2
519,0,65,11,1,7,3
520,1,31,3,1,1,2
521,1,68,6,0,5,2
522,0,47,9,1,10,3
523,0,51,11,0,14,3
524,0,82,7,0,9,2
525,1,51,4,0,1,2
526,1,19,9,0,1,3
527,0,37,2,0,1,3
528,1,66,7,0,10,3
529,1,33,0,0,6,1
530,0,17,0,1,9,2
531,0,59,5,2,1,2
532,1,45,9,1,1,3
533,1,22,11,0,13,3
534,0,55,1,2,1,1
535,1,49,7,0,8,3
536,1,64,2,2,7,1
537,1,70,6,1,5,2
538,0,43,0,0,11,3
539,1,18,8,0,8,3
540,1,37,6,1,8,2
541,1,40,7,2,7,1
542,1,69,9,0,1,3
543,1,64,3,1,1,2
544,0,17,10,2,13,1
545,0,84,1,1,6,1
546,1,59,4,1,4,2
547,1,55,2,2,1,1
548,1,84,9,1,7,3
549,0,43,7,2,1,1
550,1,44,3,2,4,1
551,1,84,1,2,6,1
552,0,16,4,2,0,1
553,0,74,2,2,3,1
554,0,22,10,1,11,2
555,0,23,10,1,9,2
556,0,25,7,0,11,3
557,0,63,8,2,5,1
558,1,10,2,1,7,2
559,1,35,9,2,1,3
560,0,47,1,1,1,2
561,0,49,6,2,0,1
562,0,25,10,1,10,2
563,0,46,4,2,13,1
564,1,43,5,2,14,1
565,1,14,2,0,6,1
566,1,46,5,2,11,1
567,1,18,9,2,4,3
568,0,66,7,0,2,3
569,0,45,11,0,6,1
570,1,27,6,0,3,3
571,0,36,10,0,5,3
572,0,27,2,1,13,2
573,1,90,2,2,14,1
574,0,70,6,0,5,3
575,0,13,9,1,0,3
576,0,76,7,0,1,3
577,0,16,5,2,9,1
578,0,85,10,0,14,3
579,1,19,0,0,1,3
580,0,52,2,0,1,3
581,1,39,10,1,11,2
582,1,32,8,2,1,1
583,1,65,9,2,14,3
584,0,45,2,2,8,1
585,0,31,9,0,6,1
586,1,30,5,0,4,3
587,1,41,10,1,11,2
588,0,85,0,1,7,2
589,0,38,1,1,11,2
590,0,64,8,0,12,1
591,1,36,7,0,9,3
592,1,71,2,1,1,2
593,1,71,10,0,1,3
594,0,4,8,1,2,2
595,1,56,4,0,13,3
596,1,30,0,2,3,1
597,0,35,2,2,6,1
598,1,51,3,2,8,1
599,0,22,4,2,1,2
600,0,79,7,0,2,3
601,0,45,6,2,13,1
602,1,83,5,1,3,2
603,1,76,9,2,9,3
604,0,77,9,2,2,3
605,0,15,6,1,10,2
606,1,64,4,1,12,2
607,0,28,6,0,0,3
608,0,71,0,1,9,2
609,0,55,10,0,3,3
610,1,25,4,1,4,2
611,1,39,11,0,2,3
612,0,39,9,2,7,3
613,0,59,6,0,12,3
614,1,53,8,1,8,2
615,1,24,9,2,4,3
616,1,70,4,1,8,2
617,1,68,3,1,14,2
618,0,63,11,1,1,2
619,1,24,6,2,4,1
620,0,84,10,2,0,1
621,0,70,8,1,3,2
622,1,18,6,2,13,1
623,1,18,2,0,1,3
624,1,41,7,0,5,3
625,1,57,7,1,3,2
626,0,39,11,2,9,1
627,1,17,7,1,12,2
628,1,20,11,2,1,1
629,0,47,3,1,12,2
630,1,32,10,1,8,2
631,0,85,4,1,3,2
632,1,44,2,1,4,2
633,0,61,8,1,8,2
634,0,49,0,1,13,2
635,1,22,1,0,0,3
636,1,88,5,2,10,1
637,1,40,10,2,9,1
638,0,15,7,1,5,3
639,0,20,7,1,11,3
640,1,71,8,2,6,1
641,1,44,6,0,5,2
642,1,23,2,2,7,2
643,1,12,9,1,13,3
644,0,25,9,2,0,3
645,0,28,9,2,14,3
646,1,90,8,0,14,2
647,0,20,4,2,1,3
648,0,47,4,0,11,3
649,0,28,9,2,13,3
650,0,67,3,0,14,2
651,0,63,5,2,13,1
652,1,64,7,0,9,2
653,1,25,3,1,13,2
654,0,38,9,2,8,1
655,1,85,0,0,8,2
656,0,83,10,0,1,2
657,0,19,8,1,3,3
658,0,87,10,0,1,2
659,0,34,8,1,6,1
660,0,32,11,1,5,3
661,1,31,1,2,14,1
662,0,8,9,2,13,3
663,1,70,11,2,5,1
664,1,13,9,2,6,1
665,1,23,7,2,8,2
666,0,37,7,0,1,2
667,1,63,4,2,6,1
668,0,64,6,1,6,1
669,0,46,3,1,12,2
670,0,47,7,0,2,2
671,0,63,0,0,1,2
672,1,24,11,1,11,2
673,0,31,2,0,1,2
674,0,42,11,0,6,2
675,1,15,9,0,13,3
676,1,37,9,0,3,3
677,1,19,1,0,6,1
678,0,48,9,0,8,3
679,0,22,9,2,9,3
680,1,48,0,1,4,2
681,0,40,2,1,0,1
682,1,48,2,2,12,1
683,0,19,9,2,9,3
684,1,35,9,2,14,3
685,1,8,9,2,0,3
686,1,8,9,1,0,3
687,0,72,9,1,2,3
688,0,46,9,2,10,3
689,0,32,5,1,14,2
690,0,22,0,2,2,2
691,0,34,7,0,9,3
692,0,4,9,0,13,3
693,1,17,9,0,14,3
694,1,53,4,1,10,2
695,1,43,9,1,13,2
696,1,81,1,2,7,1
697,0,18,6,2,1,2
698,1,24,9,1,11,3
699,1,62,0,0,11,2
700,0,9,9,0,5,3
701,1,18,5,0,6,1
702,0,23,2,0,1,2
703,0,79,2,0,0,1
704,1,22,9,1,13,1
705,1,8,9,0,0,3
706,0,60,4,1,1,2
707,0,85,10,1,5,1
708,1,22,10,2,1,1
709,0,85,3,1,9,1
710,1,62,11,1,6,1
711,1,22,3,0,5,3
712,0,26,1,1,3,2
713,1,33,11,0,4,3
714,1,79,6,1,4,1
715,0,58,6,0,8,2
716,1,87,11,2,5,1
717,0,76,6,0,6,1
718,0,46,4,1,7,2
719,0,18,9,2,4,3
720,0,55,10,1,6,2
721,1,40,8,1,7,2
722,1,33,11,0,2,3
723,0,29,4,1,5,3
724,0,78,9,2,0,1
725,1,5,3,0,13,3
726,0,55,4,1,8,2
727,1,52,5,2,9,2
728,0,27,7,0,6,1
729,0,81,8,2,8,1
730,1,4,9,0,7,3
731,1,7,9,0,2,3
732,0,90,7,1,0,1
733,0,33,7,2,2,2
734,1,6,9,2,14,3
735,1,68,0,0,7,2
736,1,42,9,1,6,1
737,1,34,10,1,12,2
738,1,86,4,2,5,1
739,1,85,8,0,13,2
740,1,51,9,2,7,3
741,0,15,7,2,6,1
742,0,77,7,0,1,2
743,1,28,0,1,14,2
744,1,16,9,0,4,3
745,0,59,11,2,6,1
746,0,15,9,1,9,3
747,0,71,9,0,12,3
748,0,2,9,0,8,3
749,0,81,8,1,10,3
750,0,67,9,0,9,3
751,0,68,7,0,6,1
752,0,13,9,2,13,3
753,1,20,10,2,6,1
754,1,81,10,0,6,1
755,0,24,3,2,4,2
756,0,8,9,0,9,3
757,1,48,9,0,8,3
758,0,11,7,0,4,3
759,1,74,9,0,2,3
760,1,23,7,1,0,3
761,1,83,4,1,2,1
762,1,58,6,1,14,1
763,1,32,6,0,10,3
764,1,25,1,2,10,1
765,0,60,2,0,0,2
766,0,72,7,2,6,1
767,0,5,9,2,13,3
768,0,33,9,2,13,3
769,1,53,2,0,1,2
770,0,87,4,2,14,1
771,1,31,10,2,8,2
772,0,63,1,1,14,1
773,0,53,10,0,2,3
774,1,32,7,1,4,2
775,1,17,9,0,1,3
776,1,43,7,2,7,2
777,1,74,2,2,6,1
778,0,87,4,1,7,1
779,1,81,4,2,2,1
780,1,52,6,0,10,2
781,1,10,9,1,0,3
782,0,59,9,1,9,3
783,1,40,4,1,3,2
784,1,63,9,2,14,3
785,0,18,10,2,10,2
786,1,78,0,1,13,2
787,0,2,9,0,13,3
788,0,57,8,1,1,2
789,1,84,10,0,8,2
790,0,12,9,1,3,3
791,0,54,11,1,0,2
792,1,26,6,1,10,2
793,1,9,9,0,9,3
794,1,20,5,2,3,3
795,0,42,3,2,4,2
796,1,15,9,2,14,3
797,0,67,5,0,7,2
798,1,18,9,2,2,3
799,1,18,9,0,5,3
800,1,14,9,0,10,3
801,1,22,1,1,8,2
802,0,35,7,1,10,2
803,0,47,1,0,1,2
804,1,60,7,2,3,3
805,1,85,11,0,14,2
806,0,13,9,0,4,3
807,0,49,11,2,4,2
808,1,65,5,1,1,2
809,0,9,9,1,1,3
810,0,64,1,1,2,2
811,0,49,8,1,11,2
812,1,68,1,1,10,2
813,0,46,10,2,12,1
814,1,86,10,0,11,2
815,1,77,3,2,6,1
816,0,20,9,0,10,3
817,1,75,0,1,6,1
818,0,58,5,2,6,1
819,0,27,5,0,2,3
820,0,46,6,0,6,1
821,1,19,9,2,10,3
822,1,10,3,1,2,3
823,1,89,10,1,6,3
824,0,38,2,2,10,1
825,1,87,11,0,5,1
826,0,44,2,0,3,2
827,1,31,5,0,6,1
828,0,62,6,0,12,2
829,0,47,9,2,7,3
830,0,6,9,2,1,3
831,1,72,10,0,4,2
832,1,2,4,0,7,2
833,1,44,0,2,14,1
834,0,17,10,0,5,2
835,0,43,9,2,12,3
836,1,79,2,0,12,1
837,0,26,7,0,1,3
838,1,50,2,2,12,2
839,1,68,7,2,14,1
840,0,64,9,0,11,3
841,0,72,8,0,7,2
842,0,8,9,1,1,3
843,0,6,9,0,10,3
844,1,49,7,2,13,1
845,0,89,0,2,10,1
846,1,22,8,1,9,2
847,0,75,10,1,8,1
848,1,19,4,1,9,3
849,1,90,0,0,1,2
850,1,74,1,2,14,1
851,0,70,8,0,6,1
852,1,4,4,0,13,3
853,1,88,5,1,0,2
854,1,37,11,0,4,3
855,1,82,9,2,6,1
856,1,38,6,2,3,1
857,0,35,8,1,9,2
858,0,87,4,0,7,2
859,0,16,11,0,10,3
860,0,83,5,0,10,2
861,1,26,11,1,11,3
862,0,55,0,1,11,2
863,1,1,9,1,14,3
864,0,27,5,0,3,3
865,0,23,9,1,5,3
866,1,20,6,0,11,3
867,1,11,9,1,12,3
868,1,88,6,2,6,1
869,0,20,5,0,5,3
870,0,57,6,0,14,2
871,1,64,1,0,1,2
872,0,86,1,1,6,1
873,0,24,6,1,0,3
874,0,17,9,1,13,3
875,1,84,3,2,14,1
876,1,6,9,0,13,3
877,1,27,3,2,10,3
878,1,34,3,2,1,3
879,1,84,7,2,9,1
880,0,60,3,1,5,2
881,1,66,1,2,13,1
882,1,66,5,2,14,1
883,0,40,10,2,11,1
884,1,44,0,1,9,2
885,0,33,10,0,2,3
886,0,62,6,0,1,2
887,0,90,0,0,3,1
888,1,64,8,0,2,1
889,0,44,10,1,12,2
890,0,18,5,2,2,3
891,1,17,9,1,11,3
892,0,70,2,1,11,1
893,0,64,11,2,10,1
894,1,61,2,0,3,2
895,0,6,9,0,3,3
896,0,79,0,0,2,1
897,1,29,10,2,4,2
898,1,52,5,0,12,3
899,0,73,6,0,12,2
900,0,33,9,0,13,3
901,1,20,4,0,6,1
902,1,23,9,2,3,3
903,0,8,9,0,9,3
904,0,75,2,0,8,2
905,1,52,3,0,11,2
906,0,32,9,1,7,3
907,1,12,9,1,11,3
908,1,31,8,2,6,1
909,0,24,11,2,6,1
910,0,67,9,1,0,3
911,1,32,5,1,4,3
912,1,34,11,0,0,2
913,1,37,11,2,9,2
914,1,69,4,0,3,2
915,1,89,5,1,2,1
916,0,47,7,0,4,2
917,1,66,4,1,11,2
918,1,89,1,0,4,3
919,1,73,7,2,9,1
920,1,57,4,2,1,1
921,1,76,7,0,14,2
922,1,76,9,0,11,2
923,0,31,9,2,12,3
924,0,10,5,0,9,3
925,0,88,3,2,3,1
926,0,37,10,1,5,3
927,0,80,6,0,11,2
928,0,7,9,0,4,3
929,0,76,6,2,3,1
930,1,13,9,2,14,3
931,0,84,2,1,6,1
932,0,77,7,2,13,1
933,0,15,9,1,1,3
934,1,70,0,1,13,1
935,1,13,9,2,7,3
936,0,37,7,0,11,3
937,0,42,2,0,5,3
938,0,23,9,2,0,3
939,1,4,9,1,7,3
940,0,69,8,2,1,1
941,1,49,9,0,0,3
942,0,71,10,0,9,2
943,0,26,0,2,1,2
944,1,2,9,1,9,3
945,0,4,9,0,10,3
946,1,67,6,1,11,1
947,1,64,8,2,13,1
948,1,5,9,1,1,3
949,0,66,2,1,6,1
950,1,2,9,0,1,3
951,0,8,9,2,10,3
952,1,19,9,0,7,3
953,1,14,9,0,1,3
954,1,35,10,0,0,3
955,0,69,8,1,5,1
956,1,50,11,1,7,1
957,0,82,7,0,9,2
958,0,9,9,2,7,3
959,0,81,9,1,2,2
960,1,25,4,2,0,2
961,0,44,5,1,9,2
962,0,31,11,2,9,2
963,1,5,9,1,9,3
964,0,58,7,1,7,1
965,1,25,9,2,3,2
966,0,80,11,1,11,1
967,0,1,9,2,1,3
968,0,44,10,1,14,2
969,1,1,9,1,12,3
970,1,57,0,0,1,3
971,1,35,3,0,7,3
972,0,81,5,1,1,1
973,0,80,0,1,8,1
974,1,76,5,1,0,1
975,0,87,6,1,9,1
976,1,61,7,0,11,2
977,1,39,9,1,4,3
978,0,74,6,1,12,1
979,0,34,10,1,4,2
980,0,35,6,0,1,3
981,1,0,9,1,8,3
982,1,31,8,1,7,2
983,1,23,10,1,1,1
984,1,2,9,2,0,3
985,0,86,3,1,3,1
986,1,57,4,2,2,1
987,1,15,7,2,14,2
988,0,80,6,1,4,1
989,0,21,3,1,1,2
990,0,4,9,0,2,3
991,1,57,8,0,13,2
992,1,81,9,2,2,1
993,1,28,2,0,7,3
994,0,44,3,1,6,1
995,1,89,3,1,13,1
996,0,75,1,1,1,1
997,1,38,2,2,4,1
998,1,86,8,1,5,1
999,1,43,4,1,14,2
